,u,v
0,0,1
1,0,2
2,0,3
3,0,4
4,0,5
5,0,6
6,0,7
7,0,8
8,0,10
9,0,11
10,0,15
11,0,16
12,0,28
13,0,29
14,0,31
15,0,32
16,0,39
17,0,45
18,0,47
19,1,5
20,1,9
21,1,10
22,1,13
23,1,14
24,1,17
25,1,28
26,1,33
27,1,37
28,1,43
29,1,48
30,2,6
31,2,18
32,2,32
33,3,5
34,3,6
35,3,7
36,3,8
37,3,9
38,3,30
39,3,31
40,3,42
41,4,5
42,4,7
43,4,10
44,4,12
45,4,15
46,4,16
47,4,21
48,4,22
49,4,23
50,4,25
51,4,26
52,4,29
53,4,32
54,4,34
55,4,36
56,4,40
57,4,47
58,5,6
59,5,8
60,5,9
61,5,13
62,5,14
63,5,17
64,5,18
65,5,20
66,5,34
67,5,42
68,6,7
69,6,8
70,6,12
71,6,15
72,6,16
73,6,21
74,6,41
75,6,44
76,7,9
77,7,10
78,7,11
79,7,12
80,7,19
81,7,22
82,7,32
83,7,34
84,7,36
85,7,38
86,7,40
87,7,42
88,7,43
89,7,46
90,8,11
91,8,13
92,8,14
93,8,15
94,8,18
95,8,19
96,8,27
97,8,38
98,8,45
99,9,13
100,9,16
101,9,18
102,9,19
103,9,25
104,9,26
105,9,30
106,10,11
107,10,29
108,10,35
109,10,48
110,11,12
111,11,14
112,11,17
113,11,20
114,11,24
115,11,25
116,11,26
117,12,21
118,12,23
119,12,24
120,13,17
121,13,19
122,13,20
123,13,26
124,13,29
125,13,35
126,13,36
127,13,49
128,14,20
129,14,24
130,14,28
131,14,31
132,15,21
133,15,23
134,15,25
135,15,27
136,15,30
137,15,36
138,15,46
139,15,48
140,15,49
141,16,27
142,16,47
143,17,23
144,17,24
145,18,22
146,18,41
147,18,43
148,19,30
149,19,49
150,20,22
151,20,35
152,20,38
153,20,41
154,20,42
155,21,33
156,21,48
157,22,27
158,22,28
159,23,37
160,24,37
161,24,38
162,24,39
163,25,37
164,25,39
165,25,43
166,25,45
167,26,33
168,26,46
169,27,33
170,28,31
171,28,35
172,28,44
173,29,41
174,30,34
175,30,44
176,31,46
177,31,49
178,32,40
179,32,44
180,32,47
181,33,45
182,35,39
183,37,40
