,u,v
0,0,1
1,0,2
2,0,3
3,0,4
4,0,6
5,0,7
6,0,10
7,0,11
8,0,12
9,0,14
10,0,23
11,0,25
12,0,26
13,0,31
14,0,34
15,0,43
16,1,3
17,1,5
18,1,8
19,1,20
20,1,24
21,1,33
22,2,4
23,2,8
24,2,13
25,2,18
26,2,22
27,2,45
28,3,5
29,3,6
30,3,7
31,3,16
32,3,17
33,3,19
34,3,24
35,3,27
36,3,31
37,3,38
38,3,42
39,3,47
40,4,40
41,5,9
42,5,13
43,5,15
44,5,26
45,5,32
46,5,34
47,5,39
48,5,47
49,6,9
50,6,10
51,6,11
52,6,12
53,6,19
54,6,21
55,6,22
56,6,35
57,6,41
58,10,29
59,11,14
60,11,18
61,11,21
62,11,23
63,11,28
64,11,30
65,11,35
66,12,16
67,13,15
68,13,25
69,13,36
70,14,17
71,16,29
72,16,46
73,18,20
74,18,36
75,18,44
76,18,48
77,18,49
78,19,27
79,19,28
80,20,33
81,22,37
82,24,39
83,24,42
84,24,45
85,26,30
86,27,32
87,27,37
88,32,38
89,35,41
90,36,49
91,39,40
92,40,48
93,41,44
94,41,46
95,42,43
