,u,v
0,0,1
1,0,2
2,0,7
3,0,14
4,0,16
5,0,17
6,0,22
7,0,35
8,0,40
9,1,3
10,1,7
11,1,15
12,1,18
13,1,23
14,1,33
15,1,44
16,1,45
17,2,3
18,2,4
19,2,5
20,2,8
21,2,9
22,2,10
23,2,15
24,2,18
25,2,20
26,2,21
27,2,24
28,3,4
29,3,5
30,3,6
31,3,8
32,3,17
33,3,19
34,3,46
35,3,48
36,4,6
37,4,12
38,4,13
39,4,29
40,4,36
41,6,10
42,6,12
43,6,30
44,6,32
45,6,39
46,6,41
47,6,42
48,7,11
49,7,28
50,7,30
51,7,43
52,7,47
53,8,9
54,8,14
55,8,16
56,8,28
57,8,34
58,8,42
59,8,47
60,8,49
61,9,27
62,9,49
63,10,11
64,10,13
65,10,24
66,10,31
67,10,46
68,11,41
69,11,48
70,13,37
71,14,38
72,16,19
73,16,21
74,16,23
75,16,29
76,16,31
77,16,33
78,16,37
79,17,20
80,18,22
81,18,26
82,19,25
83,19,26
84,19,27
85,19,40
86,21,25
87,23,38
88,25,39
89,26,34
90,29,32
91,30,35
92,33,36
93,35,44
94,40,43
95,42,45
