,u,v
0,0,1
1,0,2
2,0,3
3,0,4
4,0,5
5,0,6
6,0,7
7,0,12
8,0,13
9,0,16
10,0,17
11,0,18
12,0,20
13,0,23
14,0,29
15,0,32
16,0,36
17,0,41
18,0,45
19,0,49
20,1,5
21,1,6
22,1,8
23,1,10
24,1,11
25,1,12
26,1,14
27,1,15
28,1,17
29,1,21
30,1,22
31,1,26
32,1,28
33,1,29
34,1,33
35,1,34
36,1,35
37,1,37
38,1,39
39,1,41
40,1,44
41,2,5
42,2,6
43,2,7
44,2,9
45,2,11
46,2,15
47,2,21
48,2,26
49,2,31
50,2,36
51,2,38
52,2,43
53,2,49
54,3,5
55,3,9
56,3,25
57,3,47
58,4,7
59,4,14
60,5,6
61,5,8
62,5,9
63,5,10
64,5,11
65,5,18
66,5,19
67,5,25
68,5,27
69,5,30
70,5,32
71,5,39
72,5,43
73,6,7
74,6,8
75,6,9
76,6,10
77,6,18
78,6,21
79,6,22
80,6,24
81,6,27
82,6,29
83,6,30
84,6,32
85,6,33
86,6,34
87,6,35
88,6,47
89,6,48
90,7,8
91,7,11
92,7,13
93,7,14
94,7,15
95,7,16
96,7,20
97,7,21
98,7,24
99,7,27
100,7,31
101,7,40
102,8,10
103,8,12
104,8,14
105,8,16
106,8,17
107,8,23
108,8,25
109,8,28
110,8,31
111,8,33
112,8,38
113,8,42
114,10,12
115,10,13
116,10,17
117,10,19
118,10,20
119,10,29
120,10,37
121,10,40
122,10,46
123,10,49
124,11,15
125,11,28
126,11,30
127,11,34
128,11,47
129,12,13
130,12,18
131,12,20
132,12,23
133,12,43
134,13,16
135,14,19
136,14,28
137,14,31
138,14,35
139,14,44
140,14,47
141,15,23
142,15,26
143,15,44
144,16,19
145,18,24
146,18,37
147,18,41
148,18,42
149,18,45
150,19,22
151,19,24
152,19,39
153,20,22
154,20,48
155,21,30
156,23,25
157,24,42
158,24,45
159,24,49
160,25,26
161,25,38
162,26,27
163,26,32
164,26,37
165,28,33
166,28,35
167,28,41
168,28,42
169,28,48
170,30,38
171,31,34
172,31,39
173,32,44
174,33,36
175,35,36
176,38,40
177,39,40
178,41,46
179,42,43
180,42,45
181,42,46
182,42,48
183,44,46
