,u,v
0,0,1
1,0,2
2,0,3
3,0,4
4,0,5
5,0,6
6,0,7
7,0,8
8,0,11
9,0,13
10,0,15
11,0,26
12,0,32
13,0,35
14,0,44
15,1,5
16,1,7
17,1,8
18,1,10
19,1,16
20,1,17
21,1,18
22,1,23
23,1,27
24,1,35
25,1,36
26,1,37
27,1,47
28,1,48
29,2,5
30,2,6
31,2,9
32,2,12
33,2,14
34,2,17
35,2,28
36,2,35
37,3,5
38,3,12
39,3,14
40,3,24
41,3,29
42,3,32
43,4,6
44,4,11
45,4,14
46,4,23
47,4,25
48,5,6
49,5,7
50,5,8
51,5,9
52,5,12
53,5,13
54,5,14
55,5,18
56,5,19
57,5,22
58,5,30
59,5,44
60,6,7
61,6,9
62,6,10
63,6,20
64,6,26
65,6,29
66,6,33
67,6,34
68,6,41
69,6,44
70,6,45
71,6,48
72,7,8
73,7,9
74,7,19
75,7,21
76,7,25
77,7,31
78,7,40
79,7,43
80,8,10
81,8,12
82,8,13
83,8,18
84,8,19
85,8,20
86,8,22
87,8,24
88,8,27
89,8,28
90,8,29
91,8,33
92,8,34
93,8,45
94,8,46
95,8,49
96,9,10
97,9,11
98,9,16
99,9,17
100,9,21
101,9,23
102,9,30
103,9,36
104,9,41
105,9,42
106,9,43
107,9,44
108,10,11
109,10,13
110,10,15
111,10,23
112,10,27
113,10,31
114,10,33
115,10,47
116,11,16
117,11,34
118,11,39
119,12,15
120,12,18
121,12,22
122,12,39
123,12,48
124,13,16
125,13,30
126,13,31
127,13,38
128,13,39
129,13,42
130,14,15
131,14,25
132,14,32
133,15,17
134,15,20
135,15,32
136,16,19
137,16,24
138,17,20
139,17,21
140,17,36
141,17,38
142,17,46
143,18,28
144,18,29
145,18,40
146,19,21
147,19,22
148,19,24
149,19,25
150,19,28
151,19,30
152,19,37
153,19,45
154,19,46
155,21,26
156,21,37
157,21,41
158,21,42
159,23,36
160,23,49
161,25,26
162,25,34
163,25,35
164,25,43
165,25,45
166,26,27
167,26,31
168,26,38
169,26,46
170,26,47
171,27,47
172,27,49
173,28,33
174,28,43
175,31,37
176,31,40
177,31,42
178,33,41
179,35,39
180,35,40
181,36,38
182,41,49
183,46,48
