,u,v
0,0,1
1,0,2
2,0,3
3,0,4
4,0,5
5,0,6
6,0,7
7,0,8
8,0,9
9,0,10
10,0,12
11,0,19
12,0,20
13,0,22
14,0,23
15,1,18
16,1,34
17,2,5
18,2,6
19,2,7
20,2,8
21,2,9
22,2,11
23,2,12
24,2,13
25,2,16
26,2,26
27,2,28
28,2,43
29,2,48
30,3,5
31,3,6
32,3,27
33,4,5
34,4,14
35,4,15
36,4,24
37,5,6
38,5,7
39,5,8
40,5,9
41,5,10
42,5,15
43,5,16
44,5,18
45,5,19
46,5,21
47,5,22
48,5,27
49,5,28
50,5,29
51,5,35
52,5,42
53,5,43
54,5,44
55,5,46
56,5,47
57,6,7
58,6,9
59,6,11
60,6,12
61,6,13
62,6,21
63,6,23
64,6,30
65,6,39
66,6,40
67,7,8
68,7,17
69,7,22
70,7,24
71,7,25
72,7,47
73,8,10
74,8,14
75,8,17
76,8,18
77,8,20
78,8,24
79,8,28
80,8,31
81,8,33
82,8,42
83,8,49
84,9,10
85,9,11
86,9,13
87,9,14
88,9,15
89,9,18
90,9,19
91,9,21
92,9,25
93,9,30
94,9,32
95,9,44
96,10,11
97,10,12
98,10,19
99,10,25
100,10,29
101,10,38
102,10,44
103,11,13
104,11,16
105,11,17
106,11,25
107,11,29
108,11,33
109,11,40
110,12,14
111,12,20
112,12,24
113,12,30
114,12,32
115,12,46
116,13,15
117,13,17
118,13,22
119,13,23
120,13,26
121,13,33
122,13,35
123,13,37
124,13,38
125,13,39
126,13,49
127,14,16
128,14,23
129,14,26
130,14,30
131,14,33
132,14,37
133,14,41
134,16,36
135,16,47
136,17,20
137,18,21
138,18,38
139,18,46
140,18,49
141,19,40
142,19,41
143,19,45
144,21,34
145,21,36
146,22,31
147,23,26
148,23,27
149,23,28
150,23,39
151,23,40
152,24,29
153,24,34
154,24,39
155,24,42
156,24,48
157,25,27
158,25,31
159,25,34
160,25,36
161,25,38
162,25,41
163,25,42
164,25,45
165,26,43
166,26,48
167,29,47
168,30,31
169,30,32
170,30,35
171,31,32
172,31,48
173,32,37
174,33,35
175,33,37
176,35,36
177,36,44
178,38,46
179,39,41
180,39,43
181,39,45
182,43,45
183,43,49
