,u,v
0,0,1
1,0,2
2,0,3
3,0,4
4,0,5
5,0,6
6,0,7
7,0,9
8,0,12
9,0,14
10,0,15
11,0,16
12,0,17
13,0,19
14,0,26
15,0,27
16,0,29
17,0,36
18,0,40
19,0,41
20,0,42
21,0,48
22,1,5
23,1,18
24,1,23
25,1,38
26,1,46
27,2,5
28,2,9
29,2,10
30,2,11
31,2,12
32,2,14
33,2,21
34,2,25
35,2,45
36,2,47
37,2,49
38,3,6
39,3,8
40,3,15
41,3,16
42,3,42
43,4,5
44,4,6
45,4,7
46,4,8
47,4,13
48,4,18
49,4,19
50,4,20
51,4,22
52,4,25
53,4,35
54,4,40
55,4,44
56,5,6
57,5,7
58,5,8
59,5,9
60,5,10
61,5,11
62,5,13
63,5,15
64,5,20
65,5,22
66,5,23
67,5,24
68,5,27
69,5,29
70,5,30
71,5,31
72,5,35
73,5,38
74,5,44
75,6,7
76,6,9
77,6,10
78,6,14
79,6,20
80,6,25
81,6,27
82,6,34
83,6,48
84,7,8
85,7,11
86,7,18
87,7,21
88,7,22
89,7,29
90,7,30
91,7,32
92,7,34
93,7,36
94,7,37
95,7,39
96,8,21
97,8,31
98,8,36
99,9,10
100,9,11
101,9,12
102,9,13
103,9,15
104,9,16
105,9,21
106,9,30
107,9,39
108,9,41
109,9,42
110,9,43
111,9,49
112,10,12
113,10,24
114,10,28
115,10,40
116,10,49
117,11,13
118,11,14
119,11,32
120,11,45
121,11,47
122,12,46
123,13,17
124,13,18
125,13,19
126,13,23
127,13,24
128,13,25
129,13,26
130,13,28
131,13,33
132,13,35
133,13,37
134,13,41
135,13,45
136,14,16
137,14,17
138,14,19
139,14,20
140,14,22
141,14,26
142,14,38
143,15,17
144,15,32
145,15,34
146,15,36
147,15,43
148,16,29
149,16,31
150,16,42
151,17,24
152,17,39
153,18,35
154,21,27
155,22,23
156,22,26
157,22,41
158,22,44
159,23,28
160,24,30
161,24,31
162,24,37
163,24,38
164,25,34
165,26,28
166,26,33
167,28,32
168,29,33
169,29,40
170,29,44
171,31,33
172,32,39
173,33,46
174,34,37
175,36,47
176,37,47
177,38,48
178,39,45
179,40,43
180,40,49
181,41,48
182,42,43
183,42,46
