,u,v
0,0,1
1,0,2
2,0,3
3,0,6
4,0,9
5,0,10
6,0,11
7,0,30
8,0,34
9,0,36
10,0,49
11,1,4
12,1,7
13,1,17
14,1,48
15,2,3
16,2,5
17,2,24
18,2,30
19,2,31
20,2,36
21,3,4
22,3,5
23,3,6
24,3,9
25,3,11
26,3,12
27,3,13
28,3,14
29,3,16
30,3,45
31,4,16
32,4,32
33,4,34
34,5,7
35,5,17
36,5,19
37,5,20
38,5,22
39,5,25
40,5,28
41,5,29
42,5,35
43,6,8
44,6,10
45,6,14
46,6,15
47,6,21
48,6,22
49,6,23
50,6,24
51,6,29
52,6,37
53,6,38
54,6,40
55,6,42
56,6,47
57,7,8
58,7,15
59,7,18
60,7,21
61,7,35
62,7,39
63,8,19
64,8,27
65,8,43
66,8,46
67,9,20
68,9,32
69,10,12
70,10,13
71,11,18
72,11,26
73,11,44
74,13,25
75,13,38
76,14,41
77,16,26
78,18,33
79,18,43
80,19,28
81,19,37
82,19,39
83,20,31
84,21,23
85,21,27
86,21,41
87,23,46
88,26,47
89,28,33
90,29,40
91,35,42
92,35,49
93,39,48
94,40,44
95,44,45
