,u,v
0,0,1
1,0,2
2,0,3
3,0,4
4,0,5
5,0,8
6,0,9
7,0,10
8,0,11
9,0,14
10,0,21
11,0,25
12,0,28
13,0,29
14,0,30
15,0,40
16,1,4
17,1,6
18,1,7
19,1,12
20,1,14
21,1,17
22,1,18
23,1,30
24,1,31
25,1,33
26,1,41
27,1,47
28,3,4
29,3,5
30,3,13
31,3,15
32,3,48
33,4,5
34,4,6
35,4,7
36,4,8
37,4,9
38,4,10
39,4,11
40,4,12
41,4,15
42,4,16
43,4,19
44,4,20
45,4,24
46,4,40
47,4,43
48,4,45
49,4,48
50,5,6
51,5,8
52,5,16
53,5,18
54,5,20
55,5,21
56,5,23
57,5,25
58,5,35
59,5,37
60,5,42
61,5,44
62,5,46
63,6,7
64,6,10
65,6,13
66,6,27
67,6,32
68,6,42
69,7,18
70,7,29
71,8,9
72,8,11
73,8,12
74,8,13
75,8,17
76,8,20
77,8,23
78,8,26
79,8,30
80,8,38
81,8,39
82,8,40
83,8,46
84,9,27
85,9,38
86,10,19
87,10,27
88,10,33
89,10,35
90,10,37
91,10,38
92,10,49
93,12,15
94,12,31
95,13,14
96,13,17
97,13,22
98,13,26
99,13,28
100,13,32
101,13,34
102,13,36
103,13,39
104,13,42
105,13,49
106,14,16
107,14,22
108,14,26
109,14,28
110,15,19
111,15,35
112,16,48
113,18,24
114,20,21
115,20,22
116,20,36
117,20,49
118,21,24
119,21,25
120,21,46
121,22,23
122,22,32
123,24,29
124,25,31
125,25,34
126,28,41
127,29,34
128,29,36
129,29,39
130,29,47
131,32,33
132,33,45
133,34,37
134,34,44
135,36,44
136,38,41
137,38,43
138,39,43
139,39,45
140,41,47
