,u,v
0,0,1
1,0,2
2,0,3
3,0,4
4,0,5
5,0,6
6,0,7
7,0,9
8,0,12
9,0,14
10,0,15
11,0,16
12,0,22
13,0,26
14,0,28
15,0,31
16,0,37
17,0,38
18,0,40
19,1,5
20,1,6
21,1,7
22,1,8
23,1,9
24,1,10
25,1,12
26,1,13
27,1,14
28,1,18
29,1,22
30,1,28
31,1,42
32,1,44
33,2,5
34,2,6
35,2,7
36,2,9
37,2,10
38,2,20
39,2,25
40,2,32
41,2,34
42,2,37
43,2,39
44,2,47
45,2,49
46,3,5
47,3,8
48,3,10
49,3,11
50,3,15
51,3,17
52,3,23
53,3,28
54,3,34
55,3,36
56,4,12
57,4,29
58,4,44
59,5,6
60,5,8
61,5,9
62,5,11
63,5,14
64,5,20
65,5,24
66,5,30
67,5,35
68,5,36
69,5,40
70,5,41
71,5,45
72,6,7
73,6,10
74,6,12
75,6,16
76,6,18
77,6,21
78,6,25
79,6,26
80,6,28
81,6,45
82,7,8
83,7,11
84,7,13
85,7,19
86,7,20
87,7,21
88,7,27
89,7,29
90,7,30
91,7,31
92,7,33
93,7,35
94,7,38
95,7,39
96,7,43
97,7,46
98,7,49
99,8,16
100,8,17
101,8,23
102,8,27
103,8,30
104,8,34
105,8,42
106,8,49
107,10,11
108,10,13
109,10,18
110,10,19
111,11,13
112,11,14
113,11,15
114,11,16
115,11,17
116,11,18
117,11,21
118,11,27
119,11,31
120,11,34
121,11,38
122,11,39
123,11,40
124,11,46
125,12,22
126,12,25
127,12,26
128,13,15
129,13,17
130,13,26
131,13,38
132,13,41
133,14,19
134,14,20
135,14,24
136,14,41
137,14,44
138,15,25
139,15,32
140,16,19
141,16,45
142,17,21
143,17,22
144,17,23
145,17,29
146,17,33
147,17,47
148,17,48
149,18,23
150,19,29
151,19,33
152,20,33
153,21,24
154,21,40
155,21,42
156,22,37
157,22,43
158,23,24
159,23,27
160,23,30
161,23,31
162,23,45
163,23,49
164,24,35
165,24,37
166,25,32
167,26,48
168,27,36
169,27,46
170,28,39
171,28,43
172,29,44
173,30,32
174,31,36
175,33,41
176,33,47
177,34,35
178,34,42
179,35,48
180,41,43
181,42,46
182,44,48
183,45,47
