,u,v
0,0,1
1,0,2
2,0,3
3,0,4
4,0,5
5,0,6
6,0,7
7,0,8
8,0,11
9,0,21
10,0,23
11,0,25
12,0,26
13,0,31
14,0,36
15,0,41
16,0,43
17,0,47
18,0,48
19,1,5
20,1,8
21,1,10
22,1,11
23,1,12
24,1,15
25,1,22
26,1,27
27,1,28
28,1,37
29,1,42
30,2,5
31,2,6
32,2,7
33,2,8
34,2,9
35,2,11
36,2,13
37,2,21
38,2,28
39,2,29
40,2,30
41,2,34
42,2,38
43,2,46
44,2,49
45,3,5
46,3,6
47,3,12
48,3,16
49,3,23
50,3,34
51,3,35
52,3,49
53,4,7
54,4,13
55,4,20
56,4,32
57,4,34
58,4,41
59,5,6
60,5,9
61,5,15
62,5,17
63,5,18
64,5,19
65,5,29
66,5,38
67,5,45
68,6,7
69,6,8
70,6,9
71,6,12
72,6,17
73,6,21
74,6,22
75,6,36
76,6,46
77,6,48
78,7,10
79,7,11
80,7,14
81,7,18
82,7,24
83,7,25
84,7,27
85,7,28
86,7,31
87,7,35
88,7,38
89,7,39
90,7,40
91,7,44
92,7,49
93,8,9
94,8,10
95,8,12
96,8,14
97,8,16
98,8,17
99,8,19
100,8,21
101,8,24
102,8,25
103,8,32
104,8,35
105,8,37
106,8,45
107,9,10
108,9,14
109,9,15
110,9,16
111,9,18
112,9,19
113,9,20
114,9,26
115,9,32
116,9,37
117,9,39
118,10,20
119,10,22
120,10,24
121,10,27
122,11,13
123,11,14
124,11,24
125,11,43
126,12,13
127,12,19
128,12,31
129,13,15
130,13,16
131,13,29
132,13,41
133,14,18
134,14,27
135,14,36
136,14,42
137,14,44
138,14,48
139,15,17
140,15,39
141,15,43
142,16,20
143,16,22
144,16,41
145,17,32
146,18,23
147,18,30
148,18,47
149,19,23
150,19,29
151,19,30
152,19,36
153,19,37
154,19,40
155,20,39
156,21,28
157,21,46
158,22,26
159,22,33
160,22,35
161,22,47
162,23,30
163,23,33
164,24,25
165,24,31
166,24,42
167,24,45
168,25,26
169,25,49
170,27,33
171,29,34
172,29,44
173,30,38
174,30,40
175,30,43
176,30,46
177,30,47
178,32,33
179,34,40
180,34,48
181,36,42
182,36,45
183,40,44
