,u,v
0,0,1
1,0,2
2,0,3
3,0,4
4,0,5
5,0,6
6,0,8
7,0,9
8,0,10
9,0,11
10,0,13
11,0,14
12,0,16
13,0,19
14,0,20
15,0,22
16,0,23
17,0,25
18,0,27
19,0,28
20,0,31
21,0,36
22,0,41
23,0,42
24,0,46
25,0,49
26,1,5
27,1,6
28,1,9
29,1,14
30,1,20
31,1,46
32,2,7
33,2,8
34,2,17
35,3,5
36,3,6
37,3,9
38,3,11
39,3,12
40,3,15
41,3,16
42,3,18
43,3,26
44,3,28
45,3,29
46,3,30
47,3,33
48,4,5
49,4,7
50,4,8
51,4,13
52,4,17
53,4,38
54,4,41
55,5,6
56,5,7
57,5,10
58,5,11
59,5,12
60,5,14
61,5,15
62,5,16
63,5,17
64,5,21
65,5,22
66,5,25
67,5,27
68,5,28
69,5,30
70,5,37
71,5,40
72,5,43
73,5,45
74,6,7
75,6,8
76,6,9
77,6,11
78,6,12
79,6,23
80,6,31
81,6,36
82,6,37
83,6,39
84,6,47
85,7,10
86,7,13
87,7,16
88,7,18
89,7,24
90,7,46
91,8,10
92,8,17
93,8,19
94,8,26
95,8,29
96,8,31
97,8,37
98,8,39
99,8,43
100,8,47
101,8,48
102,9,21
103,9,36
104,9,44
105,10,12
106,10,13
107,10,18
108,10,19
109,10,22
110,10,23
111,10,40
112,10,46
113,11,29
114,11,35
115,11,37
116,11,38
117,12,24
118,12,29
119,12,43
120,13,14
121,13,15
122,13,30
123,13,32
124,13,49
125,14,15
126,14,19
127,14,32
128,14,34
129,15,20
130,15,21
131,15,24
132,15,38
133,15,39
134,16,18
135,16,23
136,16,25
137,16,26
138,16,27
139,16,30
140,16,41
141,16,48
142,17,21
143,17,25
144,17,26
145,18,24
146,18,34
147,18,35
148,19,20
149,19,22
150,19,34
151,19,45
152,20,33
153,21,33
154,21,47
155,22,28
156,23,39
157,23,43
158,24,48
159,25,27
160,25,32
161,25,35
162,25,42
163,25,44
164,25,45
165,26,41
166,27,35
167,29,36
168,29,40
169,29,42
170,30,31
171,30,33
172,31,32
173,31,38
174,32,34
175,33,40
176,35,44
177,35,49
178,37,42
179,39,47
180,40,44
181,40,45
182,40,49
183,46,48
