,u,v
0,0,1
1,0,2
2,0,3
3,0,4
4,0,5
5,0,6
6,0,7
7,0,8
8,0,10
9,0,11
10,0,13
11,0,16
12,0,17
13,0,20
14,0,22
15,0,23
16,0,26
17,0,27
18,0,36
19,0,38
20,0,40
21,1,24
22,2,5
23,2,6
24,2,10
25,2,18
26,2,24
27,2,25
28,2,31
29,2,35
30,2,36
31,2,44
32,2,47
33,3,5
34,3,6
35,3,7
36,3,8
37,3,12
38,3,15
39,3,28
40,3,30
41,3,36
42,4,5
43,4,9
44,4,14
45,4,15
46,4,16
47,4,20
48,4,22
49,4,26
50,4,36
51,4,39
52,4,41
53,4,46
54,5,6
55,5,7
56,5,8
57,5,9
58,5,10
59,5,11
60,5,12
61,5,13
62,5,14
63,5,16
64,5,18
65,5,19
66,5,21
67,5,23
68,5,26
69,5,27
70,5,30
71,5,31
72,5,32
73,5,34
74,5,35
75,5,40
76,5,42
77,5,43
78,5,47
79,6,7
80,6,8
81,6,9
82,6,10
83,6,13
84,6,14
85,6,21
86,6,23
87,6,24
88,6,26
89,6,33
90,6,34
91,6,38
92,7,9
93,7,11
94,7,12
95,7,17
96,7,22
97,7,29
98,7,34
99,7,35
100,7,43
101,7,47
102,7,48
103,7,49
104,8,11
105,8,16
106,8,18
107,9,20
108,9,31
109,10,12
110,10,13
111,10,21
112,10,45
113,10,49
114,11,15
115,11,19
116,11,30
117,11,32
118,11,34
119,11,45
120,11,47
121,12,14
122,12,19
123,12,27
124,12,28
125,12,38
126,12,44
127,12,46
128,12,49
129,13,15
130,13,17
131,13,24
132,13,30
133,13,33
134,13,37
135,14,21
136,14,31
137,14,40
138,15,17
139,15,18
140,15,19
141,15,20
142,15,32
143,15,39
144,15,49
145,16,22
146,16,25
147,16,33
148,16,37
149,16,38
150,18,33
151,19,23
152,19,28
153,19,43
154,20,29
155,20,42
156,21,25
157,21,41
158,21,48
159,22,25
160,22,27
161,22,29
162,22,37
163,22,45
164,22,48
165,23,48
166,24,28
167,24,35
168,24,39
169,24,42
170,24,44
171,25,42
172,26,29
173,26,32
174,26,41
175,26,44
176,27,40
177,27,45
178,27,46
179,30,41
180,31,39
181,33,37
182,36,43
183,42,46
