,u,v
0,0,1
1,0,2
2,0,3
3,0,5
4,0,9
5,0,11
6,0,15
7,0,16
8,0,24
9,0,25
10,0,32
11,0,34
12,0,35
13,0,43
14,0,44
15,0,46
16,1,28
17,2,3
18,2,4
19,2,5
20,2,6
21,2,8
22,2,14
23,2,15
24,2,20
25,2,26
26,2,29
27,2,38
28,2,40
29,2,45
30,3,4
31,3,6
32,3,10
33,3,12
34,3,16
35,3,17
36,3,22
37,3,28
38,4,7
39,5,7
40,5,8
41,5,13
42,5,25
43,6,9
44,6,11
45,6,12
46,6,21
47,6,47
48,6,49
49,7,14
50,7,17
51,7,34
52,7,36
53,8,18
54,8,31
55,9,10
56,9,18
57,9,19
58,9,23
59,10,13
60,10,19
61,10,21
62,10,22
63,10,27
64,10,29
65,10,33
66,12,48
67,13,35
68,13,39
69,13,40
70,14,20
71,14,27
72,14,30
73,15,41
74,16,41
75,18,23
76,18,24
77,18,32
78,18,33
79,19,47
80,19,48
81,20,43
82,22,31
83,22,45
84,23,26
85,23,39
86,23,42
87,25,37
88,27,37
89,28,30
90,28,38
91,31,36
92,32,44
93,32,46
94,37,49
95,40,42
