,u,v
0,0,1
1,0,2
2,0,3
3,0,5
4,0,6
5,0,19
6,0,22
7,0,24
8,0,29
9,0,39
10,0,45
11,1,3
12,1,4
13,1,8
14,1,20
15,1,30
16,1,46
17,2,4
18,2,6
19,2,12
20,2,14
21,2,36
22,2,41
23,3,5
24,3,9
25,3,33
26,3,42
27,4,8
28,4,11
29,4,15
30,4,17
31,4,18
32,4,30
33,4,35
34,5,7
35,5,9
36,5,15
37,5,16
38,5,17
39,5,21
40,5,25
41,5,27
42,5,44
43,6,7
44,6,13
45,6,20
46,6,21
47,6,23
48,6,26
49,6,45
50,7,12
51,7,16
52,7,28
53,7,35
54,8,10
55,8,11
56,8,19
57,8,42
58,9,10
59,9,13
60,9,25
61,9,27
62,9,34
63,9,43
64,11,14
65,11,18
66,11,31
67,11,47
68,12,47
69,13,24
70,13,29
71,13,31
72,13,32
73,13,36
74,13,44
75,14,26
76,14,49
77,16,23
78,17,40
79,18,28
80,19,22
81,19,33
82,19,34
83,19,43
84,19,48
85,20,46
86,22,41
87,22,49
88,25,37
89,25,38
90,26,48
91,28,32
92,32,37
93,32,39
94,32,40
95,36,38
