,u,v
0,0,1
1,0,2
2,0,3
3,0,4
4,0,5
5,0,6
6,0,7
7,0,9
8,0,11
9,0,13
10,0,14
11,0,15
12,0,17
13,0,19
14,0,22
15,0,29
16,0,31
17,0,36
18,0,37
19,1,8
20,1,10
21,1,21
22,1,26
23,1,31
24,1,35
25,1,47
26,1,48
27,2,5
28,2,6
29,2,7
30,2,8
31,2,12
32,2,13
33,2,18
34,2,20
35,2,22
36,2,26
37,2,44
38,2,46
39,3,5
40,3,6
41,3,10
42,3,11
43,3,12
44,3,16
45,3,23
46,3,25
47,3,27
48,3,29
49,3,31
50,3,37
51,3,39
52,3,40
53,3,41
54,3,47
55,4,5
56,4,6
57,4,11
58,4,30
59,4,41
60,4,43
61,5,7
62,5,9
63,5,12
64,5,17
65,5,18
66,5,21
67,5,24
68,5,44
69,5,47
70,5,48
71,6,7
72,6,8
73,6,9
74,6,13
75,6,18
76,6,19
77,6,20
78,6,21
79,6,22
80,6,24
81,6,28
82,6,30
83,6,41
84,6,43
85,6,48
86,6,49
87,7,8
88,7,9
89,7,10
90,7,15
91,7,17
92,7,20
93,7,25
94,7,33
95,7,44
96,8,10
97,8,11
98,8,12
99,8,14
100,8,15
101,8,16
102,8,20
103,8,28
104,8,29
105,8,34
106,8,37
107,8,40
108,9,14
109,9,16
110,9,23
111,9,35
112,9,42
113,9,43
114,9,46
115,10,35
116,10,40
117,11,14
118,11,15
119,11,26
120,11,31
121,11,45
122,12,13
123,12,16
124,12,18
125,12,19
126,12,25
127,12,28
128,12,33
129,12,36
130,12,39
131,12,42
132,12,46
133,13,17
134,13,24
135,13,34
136,14,27
137,14,29
138,16,22
139,16,23
140,16,25
141,16,26
142,16,32
143,16,40
144,16,45
145,17,19
146,17,23
147,17,24
148,17,27
149,17,30
150,17,32
151,17,35
152,18,21
153,18,34
154,18,39
155,18,41
156,20,28
157,20,33
158,20,36
159,20,39
160,22,38
161,22,43
162,23,27
163,23,34
164,23,45
165,25,30
166,25,38
167,25,47
168,26,42
169,26,49
170,27,38
171,28,32
172,28,37
173,29,38
174,30,32
175,30,33
176,30,48
177,33,46
178,34,36
179,37,42
180,41,44
181,43,49
182,44,45
183,48,49
