,u,v
0,0,1
1,0,2
2,0,3
3,0,4
4,0,5
5,0,6
6,0,8
7,0,9
8,0,12
9,0,16
10,0,17
11,0,19
12,0,24
13,0,32
14,0,34
15,0,35
16,0,36
17,0,39
18,0,40
19,0,44
20,1,4
21,1,6
22,1,8
23,1,13
24,1,15
25,1,20
26,1,35
27,1,37
28,1,42
29,1,47
30,2,5
31,2,7
32,2,9
33,2,10
34,2,13
35,2,17
36,2,18
37,2,19
38,2,23
39,2,26
40,2,34
41,2,38
42,2,45
43,2,46
44,3,4
45,3,5
46,3,6
47,3,12
48,3,15
49,3,28
50,3,35
51,3,41
52,3,45
53,3,47
54,4,7
55,4,14
56,4,23
57,4,25
58,4,38
59,4,40
60,4,42
61,4,43
62,4,44
63,4,46
64,4,48
65,5,7
66,5,9
67,5,10
68,5,11
69,5,12
70,5,17
71,5,19
72,5,28
73,5,49
74,6,8
75,6,24
76,6,27
77,7,14
78,7,18
79,7,21
80,7,27
81,7,29
82,7,38
83,7,42
84,7,43
85,8,11
86,8,14
87,8,20
88,8,22
89,8,36
90,9,10
91,9,15
92,9,16
93,9,21
94,9,26
95,9,27
96,9,31
97,9,34
98,9,41
99,10,11
100,10,13
101,10,16
102,10,31
103,10,48
104,13,26
105,13,30
106,14,25
107,14,39
108,15,18
109,15,22
110,15,30
111,15,40
112,16,24
113,17,20
114,17,32
115,18,37
116,19,21
117,19,22
118,19,39
119,19,45
120,20,29
121,20,49
122,21,23
123,21,43
124,21,48
125,22,31
126,22,47
127,24,25
128,24,32
129,24,36
130,26,33
131,27,28
132,27,29
133,27,30
134,28,33
135,29,33
136,33,37
137,35,41
138,35,49
139,37,46
140,38,44
