,u,v
0,0,1
1,0,2
2,0,3
3,0,4
4,0,5
5,0,6
6,0,9
7,0,10
8,0,23
9,0,25
10,0,27
11,0,30
12,0,36
13,0,41
14,0,42
15,1,4
16,1,17
17,1,23
18,1,44
19,2,5
20,2,7
21,2,27
22,2,28
23,2,37
24,2,47
25,3,4
26,3,5
27,3,6
28,3,11
29,3,16
30,3,19
31,3,22
32,3,28
33,3,48
34,3,49
35,4,6
36,4,7
37,4,9
38,4,10
39,4,11
40,4,13
41,4,15
42,4,16
43,4,17
44,4,20
45,4,28
46,4,29
47,4,30
48,4,34
49,4,42
50,5,8
51,5,12
52,5,15
53,5,16
54,5,18
55,5,23
56,5,26
57,5,27
58,5,31
59,5,33
60,5,35
61,5,36
62,5,38
63,5,39
64,5,44
65,5,45
66,5,47
67,5,49
68,6,7
69,6,8
70,6,9
71,6,11
72,6,14
73,6,21
74,6,24
75,6,26
76,6,43
77,7,8
78,7,10
79,8,14
80,8,15
81,9,12
82,9,20
83,9,22
84,10,13
85,10,14
86,10,24
87,11,12
88,11,13
89,11,22
90,11,35
91,11,36
92,11,37
93,11,40
94,12,25
95,12,44
96,13,46
97,14,21
98,14,24
99,14,25
100,14,31
101,14,35
102,14,48
103,15,18
104,15,19
105,15,40
106,16,17
107,16,20
108,16,30
109,16,38
110,16,40
111,17,18
112,17,19
113,17,21
114,17,32
115,17,33
116,17,42
117,18,32
118,18,45
119,19,32
120,20,49
121,23,29
122,23,33
123,23,46
124,23,47
125,23,48
126,24,31
127,25,26
128,25,34
129,25,43
130,27,39
131,28,29
132,28,39
133,28,41
134,28,43
135,28,46
136,30,34
137,34,37
138,34,38
139,38,41
140,38,45
