,u,v
0,0,1
1,0,2
2,0,3
3,0,5
4,0,6
5,0,9
6,0,11
7,0,12
8,0,14
9,0,19
10,0,31
11,0,45
12,0,46
13,0,49
14,1,3
15,1,4
16,1,9
17,1,10
18,1,12
19,1,19
20,1,20
21,1,32
22,1,36
23,1,38
24,1,46
25,2,4
26,2,5
27,2,6
28,2,15
29,2,20
30,2,30
31,4,8
32,4,22
33,4,24
34,4,30
35,4,44
36,4,48
37,5,7
38,5,13
39,5,16
40,5,21
41,5,24
42,5,32
43,6,7
44,6,8
45,6,15
46,6,38
47,7,16
48,7,17
49,7,18
50,8,14
51,8,17
52,8,18
53,8,22
54,8,34
55,8,36
56,9,10
57,9,11
58,9,13
59,12,23
60,12,49
61,14,33
62,15,21
63,15,28
64,15,29
65,15,39
66,15,41
67,15,42
68,16,47
69,17,23
70,17,26
71,17,33
72,18,25
73,18,26
74,18,27
75,18,28
76,18,40
77,18,43
78,18,44
79,19,34
80,19,48
81,20,27
82,20,41
83,22,25
84,24,29
85,24,31
86,24,35
87,24,47
88,26,39
89,28,35
90,30,37
91,30,40
92,30,43
93,31,37
94,38,42
95,41,45
