,u,v
0,0,1
1,0,2
2,0,3
3,0,4
4,0,5
5,0,6
6,0,7
7,0,8
8,0,10
9,0,14
10,0,15
11,0,16
12,0,19
13,0,30
14,1,4
15,1,9
16,1,12
17,1,16
18,2,4
19,2,5
20,2,11
21,2,18
22,2,22
23,2,23
24,2,24
25,2,32
26,2,33
27,2,34
28,2,36
29,2,40
30,2,48
31,3,13
32,3,18
33,3,19
34,3,27
35,3,29
36,3,35
37,3,38
38,4,5
39,4,6
40,4,8
41,4,9
42,4,11
43,4,17
44,4,18
45,4,20
46,4,26
47,4,30
48,4,38
49,4,39
50,4,49
51,5,6
52,5,7
53,5,10
54,5,20
55,5,21
56,5,37
57,5,40
58,6,7
59,6,8
60,6,9
61,6,14
62,6,15
63,6,16
64,6,23
65,6,24
66,6,28
67,6,30
68,6,35
69,6,40
70,6,41
71,6,46
72,7,12
73,7,24
74,7,27
75,7,35
76,7,47
77,8,12
78,8,17
79,8,29
80,8,31
81,9,10
82,9,13
83,9,17
84,9,21
85,9,22
86,10,11
87,10,14
88,10,15
89,10,20
90,10,36
91,10,41
92,10,42
93,10,44
94,11,21
95,11,26
96,11,42
97,12,13
98,12,25
99,12,42
100,12,49
101,13,19
102,13,28
103,13,43
104,13,45
105,16,37
106,19,29
107,20,25
108,20,34
109,21,22
110,21,23
111,21,25
112,21,27
113,21,32
114,21,33
115,21,34
116,21,46
117,22,26
118,22,28
119,23,47
120,24,32
121,25,43
122,27,39
123,28,31
124,28,43
125,28,47
126,29,44
127,30,31
128,32,33
129,32,36
130,32,37
131,33,38
132,33,39
133,33,44
134,35,41
135,35,45
136,35,46
137,38,48
138,38,49
139,40,45
140,40,48
