,u,v
0,0,1
1,0,2
2,0,3
3,0,4
4,0,5
5,0,6
6,0,7
7,0,9
8,0,12
9,0,13
10,0,14
11,0,15
12,0,17
13,0,20
14,0,23
15,0,25
16,0,27
17,0,29
18,0,30
19,0,34
20,0,36
21,0,37
22,0,43
23,0,46
24,1,38
25,2,4
26,2,5
27,2,8
28,2,9
29,2,11
30,2,12
31,2,16
32,2,18
33,2,20
34,2,24
35,2,34
36,2,36
37,2,40
38,2,43
39,2,48
40,3,4
41,3,6
42,3,8
43,3,11
44,3,14
45,3,16
46,3,17
47,3,22
48,3,25
49,3,27
50,3,28
51,3,44
52,3,49
53,4,5
54,4,8
55,4,9
56,4,13
57,4,16
58,4,42
59,5,6
60,5,7
61,5,12
62,5,28
63,5,31
64,5,35
65,6,7
66,6,10
67,6,11
68,6,15
69,6,32
70,6,33
71,6,35
72,7,10
73,7,38
74,7,48
75,8,17
76,8,20
77,8,22
78,8,24
79,8,28
80,8,29
81,8,30
82,8,44
83,9,10
84,9,19
85,9,37
86,9,42
87,10,21
88,10,29
89,10,33
90,10,34
91,10,47
92,11,13
93,11,18
94,11,23
95,11,32
96,12,24
97,12,35
98,12,41
99,12,45
100,12,46
101,13,14
102,13,15
103,13,31
104,13,33
105,13,39
106,13,40
107,14,21
108,14,40
109,14,43
110,15,18
111,15,19
112,15,25
113,15,26
114,15,39
115,15,41
116,15,44
117,16,22
118,16,31
119,16,36
120,16,37
121,16,49
122,18,19
123,18,26
124,18,27
125,18,38
126,20,21
127,20,23
128,20,47
129,20,49
130,21,26
131,22,32
132,27,48
133,28,46
134,29,30
135,29,47
136,32,39
137,33,45
138,36,45
139,37,42
140,38,41
