,u,v
0,0,1
1,0,2
2,0,3
3,0,4
4,0,5
5,0,6
6,0,9
7,0,11
8,0,12
9,0,14
10,0,15
11,0,17
12,0,18
13,0,25
14,0,29
15,0,32
16,0,41
17,0,47
18,1,5
19,1,7
20,1,8
21,1,10
22,1,13
23,1,22
24,1,25
25,1,26
26,1,43
27,2,16
28,2,19
29,2,25
30,2,33
31,3,5
32,3,6
33,3,7
34,3,8
35,3,9
36,3,10
37,3,11
38,3,14
39,3,15
40,3,23
41,3,30
42,3,39
43,3,41
44,3,47
45,4,5
46,4,6
47,4,12
48,4,16
49,4,24
50,4,40
51,5,6
52,5,7
53,5,9
54,5,16
55,5,17
56,5,22
57,5,27
58,5,41
59,6,7
60,6,8
61,6,10
62,6,11
63,6,13
64,6,14
65,6,17
66,6,18
67,6,21
68,6,22
69,6,24
70,6,27
71,6,30
72,6,31
73,6,34
74,6,35
75,6,38
76,6,43
77,6,45
78,6,48
79,7,8
80,7,16
81,7,20
82,7,23
83,7,36
84,7,37
85,7,39
86,7,48
87,7,49
88,8,9
89,8,11
90,8,13
91,8,14
92,8,18
93,8,33
94,8,35
95,8,36
96,8,44
97,8,49
98,9,10
99,9,12
100,9,19
101,9,20
102,9,29
103,9,32
104,9,34
105,9,45
106,10,12
107,10,18
108,10,20
109,10,21
110,10,24
111,10,26
112,10,34
113,10,45
114,11,13
115,11,17
116,11,21
117,11,26
118,11,29
119,11,30
120,11,31
121,11,34
122,11,38
123,11,44
124,11,49
125,12,15
126,12,19
127,12,23
128,12,28
129,12,40
130,14,15
131,14,25
132,14,31
133,14,48
134,15,24
135,15,27
136,15,41
137,15,42
138,16,20
139,16,38
140,16,43
141,16,44
142,17,27
143,17,33
144,17,35
145,18,19
146,18,32
147,18,49
148,19,21
149,19,29
150,19,45
151,20,46
152,21,22
153,21,23
154,21,26
155,21,28
156,21,36
157,21,37
158,21,40
159,21,42
160,21,47
161,22,35
162,22,37
163,22,44
164,23,40
165,23,48
166,24,28
167,24,37
168,24,46
169,24,47
170,25,28
171,25,30
172,25,31
173,25,32
174,25,38
175,25,42
176,25,46
177,29,36
178,31,39
179,31,43
180,32,33
181,34,39
182,35,42
183,36,46
