,u,v
0,0,1
1,0,2
2,0,3
3,0,4
4,0,5
5,0,6
6,0,7
7,0,9
8,0,10
9,0,11
10,0,16
11,0,22
12,0,23
13,0,24
14,0,26
15,0,39
16,0,45
17,0,48
18,1,3
19,1,4
20,1,7
21,1,8
22,1,14
23,1,15
24,1,19
25,1,27
26,1,37
27,1,42
28,2,9
29,3,13
30,3,14
31,3,24
32,3,26
33,3,33
34,3,41
35,4,5
36,4,12
37,4,34
38,5,6
39,5,8
40,5,13
41,5,16
42,5,17
43,5,25
44,5,29
45,5,33
46,5,40
47,5,46
48,6,10
49,6,11
50,6,18
51,6,28
52,6,31
53,6,32
54,6,34
55,6,36
56,6,44
57,7,28
58,7,32
59,7,38
60,9,20
61,9,23
62,9,44
63,9,49
64,10,12
65,10,21
66,10,29
67,10,40
68,12,15
69,12,18
70,12,22
71,12,31
72,12,46
73,14,21
74,14,30
75,14,35
76,15,17
77,15,19
78,16,39
79,17,20
80,17,25
81,20,35
82,20,42
83,22,37
84,24,38
85,25,45
86,26,27
87,27,30
88,27,36
89,33,41
90,33,43
91,41,43
92,41,47
93,42,47
94,43,49
95,46,48
