,u,v
0,0,1
1,0,2
2,0,3
3,0,17
4,0,20
5,0,24
6,0,26
7,0,27
8,0,40
9,1,6
10,1,16
11,2,3
12,2,4
13,2,7
14,2,10
15,2,11
16,2,15
17,2,16
18,2,25
19,2,28
20,2,31
21,2,33
22,2,37
23,2,40
24,2,46
25,2,48
26,3,4
27,3,5
28,3,9
29,3,10
30,3,11
31,3,12
32,3,13
33,3,14
34,3,21
35,3,22
36,3,24
37,3,26
38,3,34
39,3,36
40,3,43
41,3,45
42,4,5
43,4,6
44,4,7
45,5,8
46,5,9
47,5,12
48,6,8
49,6,30
50,6,39
51,6,46
52,7,14
53,7,23
54,7,31
55,7,35
56,7,41
57,7,42
58,8,32
59,11,15
60,11,21
61,11,23
62,11,29
63,11,38
64,12,13
65,12,25
66,14,17
67,14,19
68,14,27
69,14,32
70,14,35
71,14,38
72,15,20
73,16,18
74,17,18
75,17,19
76,18,39
77,18,43
78,19,22
79,19,33
80,19,45
81,20,36
82,21,28
83,22,37
84,22,44
85,25,29
86,26,47
87,26,49
88,27,30
89,30,34
90,30,47
91,31,42
92,37,44
93,40,41
94,46,48
95,46,49
