,u,v
0,0,1
1,0,2
2,0,3
3,0,4
4,0,5
5,0,6
6,0,7
7,0,11
8,0,12
9,0,15
10,0,17
11,0,20
12,0,21
13,0,23
14,0,24
15,0,26
16,0,28
17,0,29
18,0,37
19,0,48
20,1,5
21,1,7
22,1,8
23,1,9
24,1,14
25,1,26
26,1,30
27,1,33
28,2,5
29,2,6
30,2,10
31,2,11
32,2,12
33,2,14
34,2,15
35,2,17
36,2,18
37,2,20
38,2,21
39,2,31
40,2,34
41,2,36
42,2,37
43,2,39
44,2,41
45,2,43
46,2,44
47,2,47
48,2,48
49,3,5
50,3,8
51,3,25
52,4,6
53,4,10
54,4,27
55,4,35
56,4,42
57,4,46
58,5,6
59,5,7
60,5,8
61,5,9
62,5,10
63,5,11
64,5,12
65,5,13
66,5,15
67,5,16
68,5,21
69,5,23
70,5,25
71,5,28
72,5,38
73,5,41
74,5,43
75,5,48
76,6,7
77,6,9
78,6,12
79,6,13
80,6,19
81,6,29
82,6,40
83,7,8
84,7,10
85,7,14
86,7,16
87,7,18
88,7,40
89,7,46
90,8,9
91,8,11
92,8,16
93,8,17
94,8,22
95,8,30
96,8,45
97,8,47
98,9,13
99,9,14
100,9,19
101,9,22
102,9,32
103,9,34
104,9,37
105,9,42
106,9,46
107,10,20
108,10,24
109,11,13
110,11,15
111,11,19
112,11,22
113,11,24
114,11,25
115,11,27
116,11,29
117,11,30
118,11,33
119,11,37
120,11,43
121,11,44
122,12,19
123,12,31
124,12,34
125,12,49
126,13,16
127,13,22
128,13,47
129,14,18
130,14,28
131,14,29
132,14,35
133,14,45
134,15,21
135,15,23
136,15,27
137,15,32
138,15,40
139,16,17
140,16,20
141,16,23
142,16,26
143,16,28
144,16,39
145,17,18
146,18,24
147,18,30
148,18,31
149,18,34
150,18,35
151,18,40
152,20,36
153,21,25
154,21,31
155,21,32
156,21,36
157,21,38
158,21,41
159,22,38
160,22,42
161,23,26
162,23,33
163,23,36
164,24,32
165,24,41
166,25,27
167,25,42
168,26,33
169,26,43
170,28,38
171,28,49
172,29,47
173,30,49
174,31,39
175,31,48
176,33,35
177,33,39
178,34,44
179,35,45
180,39,44
181,42,45
182,42,46
183,42,49
