,u,v
0,0,1
1,0,2
2,0,3
3,0,4
4,0,5
5,0,6
6,0,7
7,0,8
8,0,10
9,0,12
10,0,14
11,0,15
12,0,17
13,0,20
14,0,21
15,0,23
16,0,27
17,0,35
18,0,37
19,0,42
20,1,5
21,1,6
22,1,9
23,1,18
24,1,20
25,1,29
26,1,31
27,1,32
28,1,34
29,1,38
30,1,39
31,1,41
32,1,43
33,2,5
34,2,6
35,2,7
36,2,8
37,2,9
38,2,12
39,2,14
40,2,18
41,2,19
42,2,22
43,2,25
44,2,26
45,2,27
46,2,28
47,2,29
48,2,34
49,2,37
50,2,44
51,2,45
52,3,28
53,3,31
54,4,5
55,4,7
56,4,15
57,4,23
58,4,31
59,4,36
60,4,40
61,4,43
62,5,6
63,5,8
64,5,10
65,5,11
66,5,13
67,5,15
68,5,16
69,5,17
70,5,21
71,5,24
72,5,25
73,5,31
74,5,34
75,5,40
76,5,43
77,5,45
78,5,46
79,5,47
80,6,7
81,6,8
82,6,12
83,6,16
84,6,23
85,6,24
86,6,32
87,6,33
88,6,35
89,6,42
90,6,49
91,7,9
92,7,10
93,7,13
94,7,15
95,7,18
96,7,19
97,7,25
98,7,29
99,8,9
100,8,10
101,8,11
102,8,12
103,8,14
104,8,18
105,8,20
106,8,45
107,9,11
108,9,16
109,9,22
110,9,33
111,9,37
112,10,11
113,10,13
114,10,16
115,10,17
116,10,19
117,10,23
118,10,26
119,10,30
120,10,33
121,10,35
122,10,38
123,10,40
124,10,44
125,11,14
126,11,21
127,11,25
128,11,28
129,11,30
130,11,39
131,12,13
132,13,19
133,13,22
134,14,17
135,14,20
136,14,39
137,14,41
138,14,49
139,15,44
140,16,22
141,16,27
142,16,28
143,16,30
144,16,36
145,16,42
146,16,46
147,16,48
148,17,24
149,17,33
150,17,41
151,17,44
152,18,21
153,18,29
154,19,27
155,19,32
156,19,34
157,19,48
158,20,26
159,21,46
160,22,26
161,22,38
162,22,43
163,22,47
164,23,24
165,23,32
166,23,35
167,23,48
168,23,49
169,26,38
170,28,36
171,29,30
172,30,45
173,30,49
174,31,37
175,35,36
176,35,39
177,35,41
178,36,40
179,36,47
180,37,47
181,39,46
182,39,48
183,40,42
