,u,v
0,0,1
1,0,2
2,0,3
3,0,4
4,0,6
5,0,7
6,0,8
7,0,9
8,0,10
9,0,14
10,0,17
11,0,20
12,0,21
13,0,24
14,0,27
15,0,31
16,0,33
17,0,39
18,0,43
19,0,45
20,0,46
21,0,47
22,1,6
23,1,13
24,1,39
25,1,44
26,1,45
27,2,4
28,2,5
29,2,7
30,2,9
31,2,11
32,2,30
33,3,4
34,3,5
35,3,11
36,3,12
37,3,15
38,3,19
39,3,20
40,3,22
41,3,25
42,3,29
43,3,30
44,3,31
45,3,43
46,4,5
47,4,6
48,4,8
49,4,16
50,4,22
51,4,36
52,4,38
53,4,40
54,4,46
55,4,49
56,5,7
57,5,8
58,5,12
59,5,14
60,5,16
61,5,18
62,5,25
63,5,26
64,5,32
65,5,37
66,5,38
67,5,40
68,5,42
69,6,11
70,6,16
71,6,17
72,6,19
73,6,21
74,6,35
75,7,10
76,7,23
77,7,26
78,8,9
79,8,12
80,8,13
81,8,20
82,9,10
83,9,14
84,9,23
85,9,28
86,9,35
87,9,40
88,9,49
89,10,13
90,10,15
91,10,17
92,10,19
93,10,34
94,11,18
95,11,34
96,12,21
97,12,23
98,12,25
99,12,28
100,12,48
101,13,18
102,13,36
103,13,37
104,13,42
105,13,45
106,14,15
107,14,22
108,14,27
109,14,29
110,14,33
111,14,41
112,14,47
113,16,32
114,16,43
115,17,24
116,18,36
117,18,42
118,18,48
119,19,24
120,19,32
121,19,37
122,20,26
123,20,38
124,20,41
125,20,47
126,21,30
127,22,29
128,24,28
129,24,35
130,25,27
131,27,34
132,27,44
133,29,41
134,29,46
135,30,31
136,30,33
137,34,39
138,34,48
139,34,49
140,41,44
