,u,v
0,0,1
1,0,2
2,0,3
3,0,4
4,0,5
5,0,6
6,0,7
7,0,9
8,0,10
9,0,11
10,0,13
11,0,14
12,0,16
13,0,34
14,0,35
15,0,36
16,0,42
17,0,43
18,0,45
19,0,46
20,1,4
21,1,5
22,1,19
23,2,4
24,2,6
25,2,21
26,2,22
27,2,46
28,3,8
29,3,17
30,3,21
31,3,25
32,3,40
33,3,46
34,4,5
35,4,6
36,4,7
37,4,12
38,4,13
39,4,23
40,4,25
41,4,28
42,4,29
43,4,30
44,4,31
45,4,33
46,4,36
47,5,7
48,5,9
49,5,15
50,5,18
51,5,23
52,5,25
53,5,29
54,5,37
55,5,41
56,6,8
57,6,9
58,6,11
59,6,12
60,6,14
61,6,16
62,6,24
63,6,26
64,6,27
65,6,33
66,6,39
67,6,48
68,7,8
69,7,10
70,7,11
71,7,12
72,7,13
73,7,15
74,7,17
75,7,18
76,7,29
77,7,33
78,7,40
79,7,41
80,7,49
81,8,10
82,8,22
83,9,16
84,9,17
85,9,31
86,10,14
87,10,32
88,10,37
89,10,41
90,10,44
91,11,21
92,11,22
93,11,43
94,12,15
95,12,23
96,13,19
97,13,34
98,14,38
99,15,20
100,15,28
101,15,47
102,16,20
103,17,18
104,17,19
105,17,20
106,17,24
107,17,28
108,17,35
109,18,24
110,18,44
111,18,48
112,19,26
113,20,26
114,20,27
115,20,32
116,20,38
117,20,39
118,21,42
119,21,48
120,23,30
121,23,34
122,23,39
123,24,27
124,24,37
125,24,42
126,27,30
127,27,31
128,27,35
129,27,43
130,28,32
131,28,38
132,28,45
133,34,36
134,34,47
135,37,44
136,38,40
137,39,47
138,41,45
139,43,49
140,48,49
