,u,v
0,0,1
1,0,2
2,0,3
3,0,4
4,0,11
5,0,13
6,0,14
7,0,15
8,0,21
9,0,32
10,0,41
11,0,47
12,1,4
13,1,6
14,1,9
15,1,12
16,1,14
17,1,17
18,1,18
19,2,3
20,2,5
21,2,7
22,2,8
23,2,9
24,2,11
25,2,12
26,2,23
27,2,24
28,2,26
29,2,27
30,2,31
31,2,32
32,2,36
33,2,39
34,2,40
35,2,41
36,2,47
37,3,5
38,3,7
39,3,8
40,3,16
41,3,19
42,3,27
43,3,30
44,3,31
45,3,33
46,4,6
47,4,10
48,4,13
49,4,15
50,4,21
51,4,22
52,4,25
53,4,28
54,4,29
55,4,46
56,5,10
57,5,16
58,5,19
59,5,24
60,5,34
61,5,49
62,6,37
63,7,23
64,7,30
65,7,35
66,7,39
67,7,43
68,8,17
69,8,18
70,8,20
71,8,22
72,8,26
73,10,38
74,10,48
75,13,20
76,13,42
77,16,25
78,16,35
79,17,44
80,22,38
81,23,29
82,23,42
83,24,28
84,27,37
85,29,33
86,29,45
87,30,44
88,31,34
89,32,46
90,35,36
91,35,48
92,35,49
93,36,40
94,39,45
95,40,43
