,u,v
0,0,1
1,0,2
2,0,3
3,0,4
4,0,5
5,0,6
6,0,7
7,0,8
8,0,9
9,0,10
10,0,11
11,0,12
12,0,13
13,0,15
14,0,16
15,0,17
16,0,18
17,0,19
18,0,21
19,0,22
20,0,23
21,0,25
22,0,27
23,0,28
24,0,29
25,0,30
26,0,34
27,0,35
28,0,37
29,0,40
30,0,45
31,0,46
32,0,48
33,1,8
34,1,14
35,1,15
36,1,20
37,1,28
38,1,29
39,1,34
40,2,5
41,2,6
42,2,12
43,2,16
44,2,17
45,2,21
46,2,22
47,2,33
48,3,5
49,3,8
50,3,13
51,3,14
52,3,20
53,3,23
54,3,24
55,3,36
56,4,5
57,4,6
58,4,7
59,4,11
60,4,12
61,4,27
62,4,32
63,4,48
64,5,6
65,5,7
66,5,10
67,5,11
68,5,13
69,5,14
70,5,15
71,5,17
72,5,18
73,5,19
74,5,22
75,5,23
76,5,24
77,5,25
78,5,28
79,5,29
80,5,32
81,5,38
82,5,42
83,5,43
84,5,44
85,5,47
86,5,49
87,6,7
88,6,9
89,6,10
90,6,33
91,6,39
92,6,41
93,6,43
94,7,8
95,7,9
96,7,11
97,7,18
98,7,24
99,7,27
100,7,33
101,7,39
102,7,49
103,8,9
104,8,14
105,8,15
106,8,16
107,8,18
108,8,30
109,8,35
110,8,41
111,9,10
112,9,12
113,9,13
114,9,21
115,9,26
116,9,38
117,9,42
118,9,46
119,10,16
120,10,19
121,10,22
122,10,26
123,10,28
124,10,31
125,10,34
126,10,35
127,10,40
128,10,42
129,11,17
130,11,19
131,11,20
132,11,25
133,11,26
134,11,49
135,13,37
136,13,45
137,14,30
138,14,37
139,14,38
140,14,42
141,15,31
142,15,45
143,16,20
144,16,21
145,16,44
146,17,44
147,18,27
148,18,31
149,18,40
150,18,48
151,19,24
152,19,32
153,19,36
154,20,31
155,21,23
156,21,32
157,21,37
158,22,26
159,22,30
160,22,41
161,22,48
162,23,25
163,23,39
164,24,29
165,24,45
166,24,46
167,25,49
168,26,46
169,27,36
170,27,43
171,29,34
172,29,39
173,29,41
174,30,35
175,31,33
176,31,38
177,33,47
178,34,36
179,34,44
180,36,40
181,36,43
182,37,47
183,44,47
