,u,v
0,0,1
1,0,2
2,0,3
3,0,4
4,0,11
5,0,23
6,0,25
7,0,26
8,0,31
9,1,3
10,1,5
11,1,6
12,1,9
13,1,12
14,1,15
15,1,16
16,1,17
17,1,27
18,1,28
19,1,30
20,1,48
21,2,4
22,2,10
23,2,13
24,2,15
25,2,16
26,2,22
27,2,25
28,2,26
29,2,44
30,2,46
31,3,6
32,3,7
33,3,9
34,3,14
35,3,24
36,3,29
37,3,38
38,3,39
39,3,47
40,3,49
41,4,5
42,4,8
43,4,10
44,4,11
45,4,14
46,4,17
47,4,19
48,4,21
49,4,31
50,4,35
51,4,36
52,5,23
53,6,7
54,6,8
55,6,12
56,6,37
57,8,20
58,8,34
59,9,13
60,9,18
61,9,29
62,9,36
63,9,48
64,10,32
65,10,37
66,10,40
67,11,34
68,11,43
69,11,49
70,13,30
71,14,18
72,14,28
73,14,33
74,15,20
75,15,32
76,15,46
77,16,39
78,17,19
79,17,21
80,17,22
81,17,38
82,17,41
83,17,45
84,18,24
85,18,43
86,20,33
87,24,27
88,26,40
89,30,35
90,30,45
91,36,44
92,36,47
93,38,41
94,38,42
95,40,42
