,u,v
0,0,1
1,0,2
2,0,3
3,0,4
4,0,5
5,0,7
6,0,9
7,0,10
8,0,11
9,0,13
10,0,14
11,0,26
12,0,30
13,0,31
14,0,32
15,0,36
16,0,37
17,0,41
18,2,4
19,2,5
20,2,6
21,2,10
22,2,12
23,2,13
24,2,14
25,2,15
26,2,17
27,2,19
28,2,22
29,2,28
30,2,32
31,2,33
32,2,39
33,2,40
34,2,41
35,2,46
36,3,4
37,3,19
38,4,5
39,4,6
40,4,7
41,4,8
42,4,9
43,4,12
44,4,13
45,4,18
46,4,22
47,4,23
48,4,27
49,4,31
50,4,42
51,5,6
52,5,9
53,5,18
54,5,21
55,5,34
56,5,47
57,6,7
58,6,8
59,6,10
60,6,33
61,6,35
62,6,43
63,6,45
64,7,8
65,7,11
66,7,15
67,7,16
68,7,17
69,7,29
70,7,36
71,7,44
72,8,21
73,8,24
74,8,27
75,8,28
76,9,11
77,9,12
78,9,14
79,9,15
80,9,16
81,9,33
82,10,20
83,10,21
84,10,39
85,11,19
86,11,24
87,11,26
88,11,38
89,12,16
90,12,17
91,13,18
92,13,25
93,13,32
94,13,37
95,13,41
96,13,48
97,14,27
98,14,42
99,16,20
100,16,25
101,16,44
102,16,46
103,16,48
104,17,22
105,17,23
106,17,29
107,18,28
108,19,20
109,19,29
110,19,36
111,20,25
112,22,23
113,22,24
114,22,38
115,22,45
116,22,46
117,23,30
118,24,31
119,24,34
120,24,39
121,24,40
122,25,26
123,25,30
124,25,34
125,30,44
126,31,38
127,31,47
128,32,49
129,33,35
130,33,42
131,34,35
132,34,45
133,34,49
134,36,37
135,36,47
136,36,48
137,38,40
138,38,43
139,40,43
140,43,49
