,u,v
0,0,1
1,0,2
2,0,3
3,0,4
4,0,8
5,0,9
6,0,10
7,0,11
8,0,12
9,0,14
10,0,18
11,0,20
12,0,22
13,0,23
14,0,28
15,0,30
16,0,32
17,0,36
18,0,37
19,0,41
20,0,42
21,0,44
22,1,4
23,1,5
24,1,6
25,1,7
26,1,10
27,1,13
28,1,15
29,1,16
30,1,20
31,1,24
32,1,25
33,1,28
34,1,31
35,1,34
36,1,37
37,1,40
38,1,42
39,1,43
40,1,47
41,1,48
42,2,4
43,2,5
44,2,6
45,2,7
46,2,10
47,2,11
48,2,13
49,2,17
50,2,21
51,2,22
52,2,24
53,2,26
54,2,28
55,2,29
56,2,31
57,2,35
58,2,47
59,3,6
60,3,11
61,3,35
62,4,5
63,4,7
64,4,8
65,4,9
66,4,19
67,4,23
68,4,25
69,4,27
70,4,29
71,4,49
72,5,9
73,5,16
74,5,19
75,5,26
76,5,33
77,5,34
78,5,41
79,5,44
80,5,45
81,6,8
82,6,13
83,6,15
84,6,18
85,6,32
86,6,35
87,6,39
88,7,15
89,7,19
90,8,17
91,8,25
92,8,26
93,8,46
94,9,12
95,9,20
96,9,21
97,9,24
98,9,29
99,9,31
100,9,34
101,9,45
102,10,12
103,10,14
104,10,36
105,10,39
106,11,18
107,11,30
108,11,38
109,12,16
110,12,27
111,13,14
112,13,17
113,13,42
114,14,21
115,14,30
116,14,33
117,14,41
118,14,43
119,14,46
120,16,22
121,16,33
122,17,49
123,19,27
124,19,43
125,21,37
126,21,40
127,22,23
128,22,44
129,23,48
130,25,36
131,25,38
132,26,49
133,29,46
134,30,32
135,33,40
136,34,39
137,34,48
138,35,38
139,35,47
140,44,45
