,u,v
0,0,1
1,0,2
2,0,3
3,0,4
4,0,5
5,0,6
6,0,8
7,0,9
8,0,10
9,0,13
10,0,26
11,0,27
12,0,40
13,0,41
14,0,49
15,1,5
16,1,6
17,1,9
18,1,14
19,1,16
20,1,18
21,1,21
22,1,22
23,1,23
24,1,29
25,1,35
26,1,36
27,2,5
28,2,6
29,2,7
30,2,12
31,2,17
32,2,21
33,2,29
34,2,33
35,2,35
36,2,40
37,2,42
38,2,48
39,3,5
40,3,7
41,3,10
42,3,11
43,3,12
44,3,30
45,3,35
46,3,44
47,3,46
48,3,48
49,4,14
50,4,19
51,5,6
52,5,7
53,5,8
54,5,10
55,5,11
56,5,15
57,5,20
58,5,22
59,5,24
60,5,26
61,5,27
62,5,28
63,5,31
64,5,34
65,5,35
66,5,38
67,5,39
68,5,42
69,5,43
70,5,46
71,6,7
72,6,8
73,6,9
74,6,11
75,6,13
76,6,14
77,6,15
78,6,29
79,6,30
80,6,31
81,6,38
82,6,45
83,6,49
84,7,8
85,7,10
86,7,17
87,7,23
88,7,26
89,7,28
90,7,34
91,7,37
92,8,9
93,8,12
94,8,16
95,8,22
96,8,33
97,8,38
98,8,43
99,8,46
100,8,48
101,9,17
102,9,19
103,9,27
104,9,44
105,10,11
106,10,19
107,10,21
108,10,38
109,10,45
110,10,47
111,11,12
112,11,13
113,11,14
114,11,16
115,11,18
116,11,20
117,11,23
118,11,25
119,11,30
120,11,32
121,11,37
122,11,42
123,11,43
124,11,45
125,12,13
126,12,15
127,12,24
128,12,26
129,12,28
130,12,31
131,12,49
132,13,16
133,13,33
134,13,36
135,13,49
136,14,15
137,14,20
138,14,21
139,14,23
140,14,25
141,14,29
142,14,30
143,14,39
144,14,40
145,15,17
146,15,18
147,15,19
148,15,20
149,15,34
150,15,39
151,15,41
152,16,18
153,16,44
154,17,34
155,17,37
156,19,24
157,19,25
158,20,22
159,20,32
160,20,33
161,20,36
162,20,46
163,21,25
164,23,24
165,23,36
166,23,41
167,24,28
168,24,31
169,26,27
170,26,37
171,28,47
172,30,32
173,31,32
174,31,41
175,33,48
176,34,47
177,35,42
178,36,39
179,36,44
180,38,43
181,39,40
182,39,45
183,41,47
