,u,v
0,0,1
1,0,2
2,0,3
3,0,5
4,0,10
5,0,27
6,0,44
7,1,4
8,1,7
9,1,12
10,1,20
11,1,38
12,2,4
13,2,5
14,2,6
15,2,9
16,2,10
17,2,13
18,2,14
19,2,16
20,2,17
21,2,18
22,2,25
23,2,36
24,2,37
25,3,4
26,3,5
27,3,6
28,3,7
29,3,8
30,3,9
31,3,16
32,3,19
33,3,26
34,3,30
35,3,32
36,3,41
37,3,45
38,3,49
39,4,6
40,4,8
41,4,19
42,4,21
43,4,27
44,4,36
45,4,49
46,5,7
47,5,8
48,5,9
49,5,10
50,5,11
51,5,12
52,5,15
53,5,17
54,5,25
55,5,32
56,5,46
57,5,48
58,6,45
59,7,12
60,7,13
61,7,17
62,7,31
63,7,33
64,7,40
65,7,43
66,7,48
67,8,11
68,8,13
69,8,20
70,8,28
71,8,29
72,8,30
73,9,11
74,9,23
75,10,14
76,10,15
77,10,21
78,10,34
79,11,15
80,11,26
81,11,32
82,11,37
83,11,39
84,11,41
85,12,14
86,12,24
87,12,28
88,12,30
89,12,33
90,12,37
91,12,38
92,13,19
93,13,23
94,13,35
95,13,42
96,13,47
97,14,16
98,14,18
99,14,20
100,14,24
101,14,35
102,14,40
103,14,42
104,14,43
105,14,48
106,15,22
107,15,29
108,15,49
109,16,21
110,16,22
111,16,27
112,16,42
113,17,18
114,17,31
115,17,35
116,17,39
117,18,25
118,19,44
119,20,22
120,20,23
121,20,24
122,20,34
123,20,47
124,21,26
125,21,29
126,21,31
127,21,45
128,25,33
129,27,28
130,27,40
131,28,43
132,29,34
133,33,36
134,33,38
135,33,39
136,33,41
137,33,46
138,39,46
139,40,44
140,44,47
