,u,v
0,0,1
1,0,2
2,0,3
3,0,4
4,0,5
5,0,6
6,0,7
7,0,9
8,0,10
9,0,11
10,0,13
11,0,14
12,0,16
13,0,18
14,0,19
15,0,20
16,0,21
17,0,23
18,0,25
19,0,27
20,0,29
21,0,31
22,0,35
23,0,38
24,0,40
25,0,48
26,0,49
27,1,4
28,1,5
29,1,6
30,1,7
31,1,8
32,1,11
33,1,12
34,1,16
35,1,18
36,1,32
37,1,45
38,1,46
39,1,48
40,2,5
41,2,13
42,2,41
43,3,4
44,3,8
45,3,9
46,3,10
47,3,12
48,3,21
49,3,31
50,3,33
51,3,37
52,4,8
53,4,23
54,4,25
55,4,27
56,4,29
57,4,35
58,4,39
59,5,6
60,5,7
61,5,12
62,5,15
63,5,19
64,5,44
65,5,49
66,6,17
67,6,30
68,6,36
69,6,41
70,6,43
71,6,44
72,7,13
73,7,20
74,7,24
75,8,9
76,8,14
77,8,22
78,8,24
79,8,26
80,8,28
81,8,32
82,8,33
83,8,38
84,8,43
85,8,45
86,9,10
87,9,11
88,9,15
89,9,16
90,9,17
91,9,22
92,9,28
93,9,38
94,9,45
95,10,19
96,10,22
97,10,25
98,10,37
99,10,42
100,11,23
101,12,20
102,12,21
103,12,36
104,12,42
105,13,14
106,13,28
107,13,30
108,13,41
109,14,15
110,15,17
111,15,18
112,15,40
113,16,33
114,17,32
115,18,31
116,18,36
117,18,42
118,18,44
119,19,24
120,19,30
121,19,40
122,19,43
123,20,26
124,22,27
125,23,46
126,24,46
127,25,26
128,25,34
129,25,35
130,25,37
131,25,47
132,26,29
133,29,34
134,29,39
135,33,34
136,35,47
137,36,39
138,44,48
139,45,47
140,46,49
