,u,v
0,0,1
1,0,2
2,0,3
3,0,5
4,0,6
5,0,13
6,0,16
7,0,18
8,0,22
9,0,25
10,0,32
11,1,3
12,1,4
13,1,12
14,1,21
15,1,34
16,2,4
17,2,21
18,2,37
19,3,6
20,3,23
21,4,5
22,4,7
23,4,14
24,4,15
25,4,17
26,4,18
27,4,27
28,4,33
29,4,41
30,4,43
31,5,7
32,5,8
33,5,9
34,5,10
35,5,11
36,5,15
37,5,19
38,5,20
39,5,36
40,5,44
41,5,45
42,5,48
43,6,12
44,6,40
45,7,8
46,7,9
47,7,19
48,7,24
49,7,28
50,7,35
51,7,45
52,8,10
53,8,11
54,8,14
55,8,16
56,8,17
57,8,26
58,8,27
59,8,31
60,8,35
61,8,42
62,10,13
63,10,34
64,10,47
65,11,22
66,11,23
67,11,25
68,11,29
69,11,36
70,11,49
71,12,24
72,12,42
73,13,28
74,13,29
75,14,20
76,14,32
77,14,33
78,14,37
79,14,43
80,20,30
81,20,31
82,21,46
83,21,49
84,23,47
85,25,26
86,25,38
87,26,30
88,26,40
89,27,39
90,27,48
91,29,44
92,32,41
93,35,38
94,35,46
95,37,39
