,u,v
0,0,1
1,0,2
2,0,3
3,0,4
4,0,5
5,0,6
6,0,8
7,0,9
8,0,10
9,0,11
10,0,15
11,0,17
12,0,18
13,0,19
14,0,20
15,0,27
16,0,30
17,0,32
18,0,35
19,0,39
20,1,5
21,1,6
22,1,8
23,1,9
24,1,13
25,1,25
26,1,37
27,1,48
28,2,47
29,3,5
30,3,6
31,3,7
32,3,10
33,3,11
34,3,12
35,3,14
36,3,17
37,3,18
38,3,28
39,3,32
40,3,41
41,3,48
42,4,5
43,4,7
44,4,11
45,4,14
46,4,31
47,4,38
48,5,6
49,5,7
50,5,11
51,5,12
52,5,18
53,5,31
54,5,32
55,5,47
56,6,7
57,6,8
58,6,9
59,6,10
60,6,12
61,6,13
62,6,15
63,6,16
64,6,18
65,6,20
66,6,21
67,6,22
68,6,24
69,6,25
70,6,26
71,6,27
72,6,36
73,6,38
74,6,41
75,7,8
76,7,10
77,7,12
78,7,14
79,7,15
80,7,17
81,7,19
82,7,20
83,7,24
84,7,27
85,7,34
86,7,35
87,7,37
88,7,40
89,8,9
90,8,13
91,8,17
92,8,22
93,8,23
94,9,16
95,9,21
96,9,24
97,9,31
98,9,38
99,9,44
100,9,49
101,10,23
102,10,26
103,10,34
104,10,43
105,10,47
106,11,13
107,11,16
108,11,23
109,11,28
110,11,49
111,12,15
112,12,22
113,12,23
114,12,25
115,13,14
116,13,29
117,13,42
118,13,45
119,14,16
120,14,21
121,14,22
122,14,27
123,14,28
124,14,30
125,14,31
126,14,33
127,14,35
128,14,40
129,14,41
130,14,45
131,15,19
132,15,26
133,15,33
134,15,38
135,16,19
136,16,42
137,17,29
138,17,36
139,17,41
140,17,42
141,18,20
142,18,21
143,18,30
144,18,36
145,18,44
146,18,45
147,18,48
148,19,37
149,20,29
150,20,35
151,20,37
152,20,39
153,20,44
154,20,46
155,20,49
156,22,26
157,22,28
158,23,24
159,23,25
160,23,29
161,23,33
162,23,43
163,24,30
164,24,32
165,24,46
166,25,43
167,27,33
168,27,39
169,28,36
170,28,40
171,30,49
172,31,34
173,31,39
174,31,40
175,31,45
176,32,42
177,32,46
178,33,34
179,33,43
180,33,46
181,33,48
182,34,44
183,42,47
