,u,v
0,0,1
1,0,2
2,0,3
3,0,4
4,0,5
5,0,6
6,0,7
7,0,8
8,0,9
9,0,11
10,0,12
11,0,18
12,0,28
13,0,37
14,0,45
15,1,4
16,1,7
17,1,8
18,1,14
19,1,17
20,1,20
21,1,31
22,1,36
23,1,39
24,2,4
25,2,9
26,2,23
27,2,31
28,2,40
29,3,5
30,3,14
31,3,15
32,3,32
33,3,48
34,4,5
35,4,6
36,4,10
37,4,12
38,4,16
39,4,20
40,4,21
41,4,24
42,4,25
43,4,32
44,4,36
45,4,37
46,4,49
47,5,6
48,5,7
49,5,8
50,5,10
51,5,19
52,5,22
53,5,25
54,5,26
55,5,29
56,5,39
57,5,40
58,5,41
59,6,15
60,6,33
61,7,11
62,7,16
63,7,20
64,7,38
65,7,45
66,8,9
67,8,10
68,8,11
69,8,13
70,8,14
71,8,15
72,8,21
73,8,24
74,8,26
75,8,27
76,8,30
77,8,31
78,8,33
79,8,34
80,8,35
81,8,42
82,8,46
83,9,13
84,9,18
85,9,28
86,9,29
87,9,30
88,9,41
89,9,42
90,9,47
91,10,13
92,10,17
93,10,18
94,10,19
95,10,34
96,10,44
97,11,12
98,11,17
99,11,44
100,13,28
101,14,23
102,15,16
103,15,22
104,15,27
105,15,37
106,15,43
107,15,49
108,17,19
109,17,43
110,18,48
111,19,21
112,19,23
113,19,24
114,19,25
115,19,26
116,19,35
117,20,36
118,21,22
119,22,27
120,22,29
121,22,38
122,23,30
123,23,38
124,25,35
125,26,32
126,26,47
127,27,45
128,29,33
129,29,39
130,29,41
131,29,48
132,30,49
133,31,34
134,31,46
135,32,44
136,34,43
137,36,42
138,37,40
139,39,46
140,46,47
