,u,v
0,0,1
1,0,2
2,0,3
3,0,5
4,0,6
5,0,18
6,0,20
7,0,23
8,0,47
9,1,4
10,1,5
11,1,17
12,2,4
13,2,5
14,2,6
15,2,8
16,2,9
17,2,10
18,2,11
19,2,13
20,2,25
21,2,32
22,2,41
23,2,42
24,3,4
25,3,6
26,3,7
27,3,8
28,3,9
29,3,19
30,3,21
31,3,32
32,3,38
33,4,20
34,4,21
35,4,22
36,4,25
37,4,26
38,4,30
39,4,31
40,4,32
41,4,33
42,4,41
43,4,43
44,5,7
45,5,9
46,5,10
47,5,13
48,5,15
49,5,21
50,5,23
51,5,28
52,5,35
53,5,48
54,6,7
55,6,8
56,6,11
57,6,12
58,6,14
59,6,17
60,6,28
61,6,29
62,6,34
63,6,35
64,6,36
65,6,37
66,6,40
67,6,43
68,6,44
69,6,46
70,6,47
71,7,15
72,7,16
73,7,20
74,7,36
75,7,47
76,8,12
77,8,13
78,8,14
79,8,15
80,8,16
81,8,18
82,8,19
83,8,24
84,8,27
85,8,37
86,8,40
87,8,44
88,8,45
89,9,10
90,9,11
91,9,14
92,9,18
93,9,22
94,9,25
95,9,26
96,9,27
97,9,29
98,9,31
99,9,33
100,9,39
101,9,41
102,9,45
103,9,49
104,10,26
105,10,27
106,10,31
107,11,12
108,11,22
109,12,19
110,12,34
111,12,48
112,13,30
113,15,16
114,15,17
115,15,45
116,15,49
117,17,24
118,17,37
119,17,46
120,18,28
121,19,23
122,19,39
123,21,24
124,24,34
125,24,38
126,24,39
127,25,30
128,25,38
129,27,29
130,27,33
131,30,35
132,30,40
133,30,42
134,30,43
135,33,36
136,35,48
137,37,42
138,37,49
139,43,44
140,45,46
