,u,v
0,0,1
1,0,2
2,0,3
3,0,4
4,0,5
5,0,6
6,0,7
7,0,9
8,0,10
9,0,11
10,0,14
11,0,16
12,0,19
13,0,21
14,0,32
15,0,45
16,1,5
17,1,9
18,1,16
19,1,18
20,1,25
21,1,32
22,1,36
23,2,12
24,2,22
25,3,5
26,3,6
27,3,7
28,3,8
29,3,13
30,3,15
31,3,18
32,3,23
33,3,27
34,3,28
35,3,29
36,3,31
37,3,37
38,3,41
39,4,5
40,4,6
41,4,9
42,4,10
43,4,11
44,4,17
45,4,21
46,4,22
47,4,30
48,4,43
49,5,6
50,5,7
51,5,8
52,5,9
53,5,13
54,5,18
55,5,19
56,5,26
57,5,27
58,5,29
59,5,30
60,5,34
61,5,38
62,5,42
63,6,7
64,6,8
65,6,10
66,6,11
67,6,13
68,6,14
69,6,15
70,6,17
71,6,19
72,6,20
73,6,26
74,6,29
75,6,36
76,6,38
77,6,39
78,6,40
79,6,45
80,6,48
81,7,8
82,7,10
83,7,12
84,7,15
85,7,18
86,7,20
87,7,36
88,7,41
89,7,44
90,7,49
91,8,25
92,8,28
93,9,12
94,9,17
95,9,23
96,9,24
97,9,31
98,9,35
99,9,38
100,9,40
101,10,11
102,10,12
103,10,13
104,10,14
105,10,15
106,10,17
107,10,20
108,10,21
109,10,22
110,10,23
111,10,24
112,10,25
113,10,28
114,10,29
115,10,32
116,10,34
117,10,38
118,10,46
119,10,47
120,10,49
121,11,16
122,11,41
123,12,14
124,12,23
125,12,46
126,13,16
127,13,47
128,14,27
129,14,33
130,14,44
131,14,46
132,14,48
133,15,32
134,16,19
135,16,21
136,16,45
137,17,31
138,17,47
139,18,20
140,18,24
141,18,25
142,18,26
143,18,33
144,18,37
145,18,42
146,18,43
147,19,30
148,19,39
149,19,47
150,20,22
151,20,24
152,20,35
153,21,39
154,21,42
155,22,26
156,22,33
157,22,48
158,23,35
159,23,39
160,24,30
161,24,34
162,24,43
163,25,27
164,25,34
165,25,35
166,25,36
167,25,37
168,25,44
169,25,46
170,26,28
171,26,33
172,26,40
173,27,49
174,28,48
175,29,31
176,30,40
177,30,49
178,31,37
179,31,43
180,31,44
181,35,41
182,37,42
183,40,45
